-6.390842e-001
-6.390560e-001
-6.391452e-001
-6.390722e-001
-6.391781e-001
-6.391104e-001
-6.391757e-001
-6.390169e-001
-6.390722e-001
-6.389883e-001
-6.389030e-001
-6.388338e-001
-6.387957e-001
-6.387179e-001
-6.386326e-001
-6.385778e-001
-6.385191e-001
-6.383761e-001
-6.382888e-001
-6.382521e-001
-6.382669e-001
-6.381467e-001
-6.380652e-001
-6.378844e-001
-6.378410e-001
-6.378029e-001
-6.378863e-001
-6.383050e-001
-6.386655e-001
-6.388605e-001
-6.388744e-001
-6.390069e-001
-6.390331e-001
-6.390188e-001
-6.389845e-001
-6.390741e-001
-6.389964e-001
-6.389945e-001
-6.390641e-001
-6.389235e-001
-6.388968e-001
-6.388887e-001
-6.388057e-001
-6.386936e-001
-6.386998e-001
-6.384700e-001
-6.384538e-001
-6.383317e-001
-6.382316e-001
-6.380895e-001
-6.378782e-001
-6.378291e-001
-6.376341e-001
-6.375626e-001
-6.374081e-001
-6.372922e-001
-6.371377e-001
-6.370013e-001
-6.370195e-001
-6.368592e-001
-6.370500e-001
-6.374877e-001
-6.378682e-001
-6.381286e-001
-6.383479e-001
-6.385124e-001
-6.386326e-001
-6.386998e-001
-6.386574e-001
-6.386364e-001
-6.387628e-001
-6.387523e-001
-6.388949e-001
-6.388867e-001
-6.388786e-001
-6.387523e-001
-6.387466e-001
-6.386245e-001
-6.386102e-001
-6.385043e-001
-6.383970e-001
-6.384028e-001
-6.383174e-001
-6.384171e-001
-6.383618e-001
-6.382478e-001
-6.383050e-001
-6.382216e-001
-6.381648e-001
-6.380327e-001
-6.380427e-001
-6.378883e-001
-6.378272e-001
-6.379226e-001
-6.383398e-001
-6.388443e-001
-6.391962e-001
-6.392754e-001
-6.394952e-001
-6.396840e-001
-6.398180e-001
-6.398652e-001
-6.399549e-001
-6.399077e-001
-6.400502e-001
-6.401218e-001
-6.400703e-001
-6.401785e-001
-6.401785e-001
-6.401237e-001
-6.401723e-001
-6.400197e-001
-6.400502e-001
-6.400216e-001
-6.399444e-001
-6.398795e-001
-6.398652e-001
-6.397880e-001
-6.396907e-001
-6.396292e-001
-6.394747e-001
-6.395009e-001
-6.393526e-001
-6.392305e-001
-6.390617e-001
-6.389316e-001
-6.388319e-001
-6.388581e-001
-6.390985e-001
-6.395171e-001
-6.399344e-001
-6.400378e-001
-6.403106e-001
-6.403063e-001
-6.405099e-001
-6.406668e-001
-6.406320e-001
-6.406444e-001
-6.406725e-001
-6.406930e-001
-6.407421e-001
-6.407340e-001
-6.406806e-001
-6.406482e-001
-6.406239e-001
-6.405547e-001
-6.404856e-001
-6.403087e-001
-6.401804e-001
-6.401723e-001
-6.400951e-001
-6.399077e-001
-6.399382e-001
-6.398161e-001
-6.397575e-001
-6.396616e-001
-6.394323e-001
-6.393264e-001
-6.392124e-001
-6.390803e-001
-6.390088e-001
-6.393002e-001
-6.396392e-001
-6.401218e-001
-6.403554e-001
-6.404265e-001
-6.404799e-001
-6.406606e-001
-6.406158e-001
-6.405585e-001
-6.405953e-001
-6.406644e-001
-6.406625e-001
-6.407173e-001
-6.407292e-001
-6.405423e-001
-6.405748e-001
-6.404799e-001
-6.403902e-001
-6.402763e-001
-6.399835e-001
-6.398409e-001
-6.396354e-001
-6.395906e-001
-6.395848e-001
-6.393626e-001
-6.392916e-001
-6.391819e-001
-6.390823e-001
-6.389683e-001
-6.388949e-001
-6.387914e-001
-6.387442e-001
-6.389926e-001
-6.394604e-001
-6.396578e-001
-6.398042e-001
-6.398996e-001
-6.401785e-001
-6.402619e-001
-6.402763e-001
-6.402395e-001
-6.402457e-001
-6.402681e-001
-6.403144e-001
-6.403306e-001
-6.403387e-001
-6.403902e-001
-6.402820e-001
-6.401947e-001
-6.401966e-001
-6.401580e-001
-6.401094e-001
-6.399711e-001
-6.399444e-001
-6.398976e-001
-6.396292e-001
-6.396878e-001
-6.396697e-001
-6.395314e-001
-6.393688e-001
-6.392854e-001
-6.391671e-001
-6.390679e-001
-6.389278e-001
-6.388786e-001
-6.391085e-001
-6.396554e-001
-6.400664e-001
-6.402882e-001
-6.404632e-001
-6.406525e-001
-6.408151e-001
-6.409248e-001
-6.408375e-001
-6.408132e-001
-6.409228e-001
-6.409004e-001
-6.409858e-001
-6.409228e-001
-6.408866e-001
-6.408947e-001
-6.408213e-001
-6.406220e-001
-6.405771e-001
-6.405304e-001
-6.403368e-001
-6.403473e-001
-6.402252e-001
-6.402085e-001
-6.401418e-001
-6.399568e-001
-6.399119e-001
-6.397961e-001
-6.397980e-001
-6.396068e-001
-6.395558e-001
-6.394709e-001
-6.393283e-001
-6.392835e-001
-6.393588e-001
-6.397532e-001
-6.400664e-001
-6.403268e-001
-6.403840e-001
-6.403740e-001
-6.405933e-001
-6.405910e-001
-6.404899e-001
-6.404083e-001
-6.403635e-001
-6.403187e-001
-6.402619e-001
-6.399363e-001
-6.397637e-001
-6.394303e-001
-6.394175e-001
-6.391633e-001
-6.390370e-001
-6.387833e-001
-6.386221e-001
-6.385940e-001
-6.384538e-001
-6.382931e-001
-6.381176e-001
-6.380833e-001
-6.379388e-001
-6.378635e-001
-6.378434e-001
-6.376808e-001
-6.375158e-001
-6.373919e-001
-6.373594e-001
-6.374000e-001
-6.376241e-001
-6.380489e-001
-6.383560e-001
-6.385124e-001
-6.385081e-001
-6.386898e-001
-6.388524e-001
-6.388929e-001
-6.387647e-001
-6.385878e-001
-6.386936e-001
-6.385897e-001
-6.384943e-001
-6.385248e-001
-6.384619e-001
-6.383861e-001
-6.382688e-001
-6.382197e-001
-6.380346e-001
-6.379955e-001
-6.378291e-001
-6.377171e-001
-6.376360e-001
-6.374486e-001
-6.373246e-001
-6.371740e-001
-6.370319e-001
-6.369913e-001
-6.368611e-001
-6.366594e-001
-6.366532e-001
-6.364582e-001
-6.363118e-001
-6.363891e-001
-6.364949e-001
-6.369670e-001
-6.372374e-001
-6.374367e-001
-6.374610e-001
-6.376379e-001
-6.376927e-001
-6.376322e-001
-6.375993e-001
-6.375301e-001
-6.375263e-001
-6.374996e-001
-6.375039e-001
-6.374877e-001
-6.374043e-001
-6.373594e-001
-6.372579e-001
-6.371601e-001
-6.370218e-001
-6.370299e-001
-6.369117e-001
-6.367591e-001
-6.367429e-001
-6.366008e-001
-6.364849e-001
-6.365069e-001
-6.364334e-001
-6.362732e-001
-6.361673e-001
-6.359904e-001
-6.359518e-001
-6.359480e-001
-6.361840e-001
-6.366370e-001
-6.369789e-001
-6.372374e-001
-6.373494e-001
-6.376298e-001
-6.377662e-001
-6.378410e-001
-6.377233e-001
-6.377967e-001
-6.377624e-001
-6.377762e-001
-6.377543e-001
-6.377662e-001
-6.377886e-001
-6.377233e-001
-6.376866e-001
-6.376322e-001
-6.375120e-001
-6.375020e-001
-6.373656e-001
-6.373776e-001
-6.373284e-001
-6.372598e-001
-6.372145e-001
-6.370032e-001
-6.369751e-001
-6.369017e-001
-6.368058e-001
-6.367067e-001
-6.365498e-001
-6.364644e-001
-6.362894e-001
-6.363080e-001
-6.368220e-001
-6.373246e-001
-6.376622e-001
-6.378410e-001
-6.379512e-001
-6.381176e-001
-6.382478e-001
-6.382340e-001
-6.382669e-001
-6.383455e-001
-6.382969e-001
-6.383780e-001
-6.383212e-001
-6.381829e-001
-6.381872e-001
-6.380795e-001
-6.379917e-001
-6.378310e-001
-6.377805e-001
-6.378329e-001
-6.377214e-001
-6.377109e-001
-6.374343e-001
-6.372941e-001
-6.371253e-001
-6.369951e-001
-6.369627e-001
-6.369503e-001
-6.368611e-001
-6.367996e-001
-6.367086e-001
-6.364868e-001
-6.363972e-001
-6.364463e-001
-6.367167e-001
-6.371477e-001
-6.374505e-001
-6.377152e-001
-6.377824e-001
-6.378925e-001
-6.379898e-001
-6.379045e-001
-6.378635e-001
-6.378844e-001
-6.378615e-001
-6.378801e-001
-6.379631e-001
-6.378492e-001
-6.377295e-001
-6.376746e-001
-6.376889e-001
-6.375220e-001
-6.374505e-001
-6.373776e-001
-6.372274e-001
-6.372336e-001
-6.370953e-001
-6.370891e-001
-6.370175e-001
-6.368774e-001
-6.368936e-001
-6.366695e-001
-6.365908e-001
-6.364706e-001
-6.367653e-001
-6.371821e-001
-6.373919e-001
-6.375445e-001
-6.377214e-001
-6.377886e-001
-6.378701e-001
-6.378248e-001
-6.378229e-001
-6.377380e-001
-6.377152e-001
-6.377786e-001
-6.376703e-001
-6.375669e-001
-6.374424e-001
-6.373799e-001
-6.373475e-001
-6.371601e-001
-6.370438e-001
-6.369055e-001
-6.369217e-001
-6.367348e-001
-6.367105e-001
-6.366208e-001
-6.365474e-001
-6.364382e-001
-6.363667e-001
-6.363199e-001
-6.364401e-001
-6.369651e-001
-6.377786e-001
-6.382073e-001
-6.382197e-001
-6.379574e-001
-6.379007e-001
-6.376784e-001
-6.373041e-001
-6.369851e-001
-6.369036e-001
-6.367510e-001
-6.365517e-001
-6.365274e-001
-6.365049e-001
-6.365030e-001
-6.364806e-001
-6.364072e-001
-6.363953e-001
-6.363872e-001
-6.363710e-001
-6.363199e-001
-6.361650e-001
-6.361712e-001
-6.360720e-001
-6.360329e-001
-6.360348e-001
-6.359356e-001
-6.359108e-001
-6.357954e-001
-6.356834e-001
-6.357482e-001
-6.361349e-001
-6.368240e-001
-6.371682e-001
-6.375344e-001
-6.377109e-001
-6.379755e-001
-6.380308e-001
-6.381076e-001
-6.380590e-001
-6.380146e-001
-6.381610e-001
-6.380509e-001
-6.380609e-001
-6.380327e-001
-6.379984e-001
-6.380389e-001
-6.379007e-001
-6.377333e-001
-6.377400e-001
-6.376665e-001
-6.376866e-001
-6.377009e-001
-6.375645e-001
-6.376198e-001
-6.374834e-001
-6.374505e-001
-6.373513e-001
-6.371883e-001
-6.371196e-001
-6.369608e-001
-6.368430e-001
-6.367229e-001
-6.366819e-001
-6.366151e-001
-6.365030e-001
-6.364296e-001
-6.365111e-001
-6.370786e-001
-6.375888e-001
-6.377948e-001
-6.380203e-001
-6.382359e-001
-6.383970e-001
-6.386712e-001
-6.385291e-001
-6.385453e-001
-6.385391e-001
-6.385635e-001
-6.385635e-001
-6.386612e-001
-6.385759e-001
-6.385677e-001
-6.385248e-001
-6.384395e-001
-6.382888e-001
-6.382931e-001
-6.382034e-001
-6.381176e-001
-6.380246e-001
-6.380427e-001
-6.378902e-001
-6.378310e-001
-6.377762e-001
-6.376846e-001
-6.375950e-001
-6.374586e-001
-6.373938e-001
-6.373165e-001
-6.372679e-001
-6.371334e-001
-6.373203e-001
-6.378701e-001
-6.382378e-001
-6.384414e-001
-6.385897e-001
-6.387728e-001
-6.390231e-001
-6.389583e-001
-6.389540e-001
-6.388724e-001
-6.389845e-001
-6.389297e-001
-6.390498e-001
-6.389640e-001
-6.388949e-001
-6.388238e-001
-6.387852e-001
-6.386755e-001
-6.385859e-001
-6.385453e-001
-6.384295e-001
-6.383050e-001
-6.383560e-001
-6.381872e-001
-6.380609e-001
-6.379631e-001
-6.379431e-001
-6.378229e-001
-6.377051e-001
-6.375383e-001
-6.374958e-001
-6.373513e-001
-6.373532e-001
-6.372145e-001
-6.372455e-001
-6.375383e-001
-6.380246e-001
-6.382788e-001
-6.384252e-001
-6.386898e-001
-6.388624e-001
-6.389278e-001
-6.389340e-001
-6.388581e-001
-6.389049e-001
-6.389068e-001
-6.389945e-001
-6.388867e-001
-6.388767e-001
-6.388724e-001
-6.388500e-001
-6.386955e-001
-6.386693e-001
-6.386674e-001
-6.385635e-001
-6.384757e-001
-6.383823e-001
-6.383050e-001
-6.382135e-001
-6.382115e-001
-6.381343e-001
-6.380733e-001
-6.380122e-001
-6.378964e-001
-6.378492e-001
-6.376703e-001
-6.375483e-001
-6.375363e-001
-6.374286e-001
-6.374262e-001
-6.378048e-001
-6.381014e-001
-6.386493e-001
-6.387323e-001
-6.389907e-001
-6.391209e-001
-6.392224e-001
-6.392811e-001
-6.393183e-001
-6.394218e-001
-6.393951e-001
-6.393788e-001
-6.393707e-001
-6.394442e-001
-6.394013e-001
-6.393121e-001
-6.393302e-001
-6.392186e-001
-6.391881e-001
-6.391428e-001
-6.390699e-001
-6.389521e-001
-6.388300e-001
-6.389096e-001
-6.387709e-001
-6.387404e-001
-6.385840e-001
-6.385553e-001
-6.385248e-001
-6.384538e-001
-6.383889e-001
-6.382440e-001
-6.382669e-001
-6.381014e-001
-6.383355e-001
-6.386426e-001
-6.391228e-001
-6.393607e-001
-6.395605e-001
-6.396859e-001
-6.397370e-001
-6.398371e-001
-6.398614e-001
-6.398895e-001
-6.399220e-001
-6.399792e-001
-6.399997e-001
-6.399382e-001
-6.400035e-001
-6.399592e-001
-6.399058e-001
-6.398490e-001
-6.398671e-001
-6.397250e-001
-6.396335e-001
-6.395743e-001
-6.394666e-001
-6.395577e-001
-6.393850e-001
-6.393364e-001
-6.393326e-001
-6.391800e-001
-6.391247e-001
-6.389721e-001
-6.389826e-001
-6.389540e-001
-6.390312e-001
-6.393164e-001
-6.396497e-001
-6.400259e-001
-6.403368e-001
-6.405485e-001
-6.407173e-001
-6.407745e-001
-6.409271e-001
-6.408804e-001
-6.409410e-001
-6.409796e-001
-6.410530e-001
-6.412013e-001
-6.410936e-001
-6.411570e-001
-6.410573e-001
-6.411036e-001
-6.410330e-001
-6.409209e-001
-6.409596e-001
-6.408594e-001
-6.407235e-001
-6.406525e-001
-6.406625e-001
-6.405748e-001
-6.405018e-001
-6.403959e-001
-6.404064e-001
-6.402171e-001
-6.401318e-001
-6.400340e-001
-6.399692e-001
-6.400602e-001
-6.403859e-001
-6.408027e-001
-6.411713e-001
-6.412910e-001
-6.415494e-001
-6.417325e-001
-6.418160e-001
-6.419008e-001
-6.418970e-001
-6.419705e-001
-6.420358e-001
-6.420420e-001
-6.420129e-001
-6.420310e-001
-6.419986e-001
-6.419643e-001
-6.420339e-001
-6.419442e-001
-6.419118e-001
-6.417082e-001
-6.416977e-001
-6.417120e-001
-6.415132e-001
-6.414617e-001
-6.413949e-001
-6.412647e-001
-6.412318e-001
-6.411446e-001
-6.410206e-001
-6.409858e-001
-6.408351e-001
-6.408351e-001
-6.410530e-001
-6.414922e-001
-6.418603e-001
-6.420420e-001
-6.422246e-001
-6.424363e-001
-6.424301e-001
-6.424568e-001
-6.424707e-001
-6.424850e-001
-6.425646e-001
-6.425174e-001
-6.426170e-001
-6.425808e-001
-6.425379e-001
-6.425546e-001
-6.424568e-001
-6.424015e-001
-6.422980e-001
-6.422370e-001
-6.422470e-001
-6.420763e-001
-6.419581e-001
-6.419218e-001
-6.418098e-001
-6.416896e-001
-6.416348e-001
-6.415332e-001
-6.413582e-001
-6.413887e-001
-6.414354e-001
-6.416958e-001
-6.421269e-001
-6.424177e-001
-6.426619e-001
-6.427777e-001
-6.429160e-001
-6.430872e-001
-6.431358e-001
-6.430934e-001
-6.431177e-001
-6.431296e-001
-6.431807e-001
-6.432074e-001
-6.431115e-001
-6.431134e-001
-6.429651e-001
-6.430667e-001
-6.428917e-001
-6.427091e-001
-6.426495e-001
-6.425460e-001
-6.425546e-001
-6.423429e-001
-6.422914e-001
-6.421941e-001
-6.420210e-001
-6.419037e-001
-6.417363e-001
-6.415818e-001
-6.414292e-001
-6.412461e-001
-6.411245e-001
-6.412175e-001
-6.416162e-001
-6.418684e-001
-6.420420e-001
-6.422451e-001
-6.423996e-001
-6.423972e-001
-6.424177e-001
-6.424096e-001
-6.423448e-001
-6.423042e-001
-6.423610e-001
-6.424015e-001
-6.423243e-001
-6.422265e-001
-6.422308e-001
-6.420801e-001
-6.419685e-001
-6.418303e-001
-6.417020e-001
-6.416162e-001
-6.414617e-001
-6.413339e-001
-6.412280e-001
-6.409796e-001
-6.409166e-001
-6.407254e-001
-6.405585e-001
-6.403821e-001
-6.402963e-001
-6.401194e-001
-6.399530e-001
-6.396778e-001
-6.395662e-001
-6.394928e-001
-6.394218e-001
-6.396716e-001
-6.400459e-001
-6.403821e-001
-6.405709e-001
-6.407073e-001
-6.409028e-001
-6.409228e-001
-6.409515e-001
-6.409596e-001
-6.410087e-001
-6.408966e-001
-6.409352e-001
-6.409271e-001
-6.408985e-001
-6.408804e-001
-6.407521e-001
-6.407130e-001
-6.405748e-001
-6.405991e-001
-6.404899e-001
-6.402438e-001
-6.402114e-001
-6.400097e-001
-6.400278e-001
-6.399301e-001
-6.397637e-001
-6.396149e-001
-6.395009e-001
-6.394237e-001
-6.392143e-001
-6.391104e-001
-6.389521e-001
-6.389197e-001
-6.391128e-001
-6.395457e-001
-6.397694e-001
-6.400440e-001
-6.401623e-001
-6.403225e-001
-6.403659e-001
-6.402720e-001
-6.402276e-001
-6.401742e-001
-6.402171e-001
-6.402600e-001
-6.402152e-001
-6.401237e-001
-6.400564e-001
-6.400622e-001
-6.399892e-001
-6.397474e-001
-6.396988e-001
-6.396011e-001
-6.394766e-001
-6.393383e-001
-6.392935e-001
-6.390536e-001
-6.390579e-001
-6.388605e-001
-6.387876e-001
-6.386855e-001
-6.384757e-001
-6.384028e-001
-6.382626e-001
-6.380590e-001
-6.379450e-001
-6.377905e-001
-6.377519e-001
-6.378701e-001
-6.383498e-001
-6.387222e-001
-6.388724e-001
-6.390350e-001
-6.392611e-001
-6.393650e-001
-6.394156e-001
-6.393974e-001
-6.394032e-001
-6.393021e-001
-6.393850e-001
-6.393221e-001
-6.392711e-001
-6.392649e-001
-6.391533e-001
-6.390842e-001
-6.390331e-001
-6.389259e-001
-6.387995e-001
-6.387280e-001
-6.386164e-001
-6.384981e-001
-6.383908e-001
-6.381829e-001
-6.379774e-001
-6.379450e-001
-6.377152e-001
-6.375588e-001
-6.374567e-001
-6.373265e-001
-6.372312e-001
-6.370891e-001
-6.369379e-001
-6.368449e-001
-6.368039e-001
-6.367128e-001
-6.369689e-001
-6.373675e-001
-6.377133e-001
-6.380003e-001
-6.381200e-001
-6.383155e-001
-6.383908e-001
-6.385697e-001
-6.384333e-001
-6.384028e-001
-6.385759e-001
-6.385024e-001
-6.385716e-001
-6.385759e-001
-6.385472e-001
-6.384090e-001
-6.383861e-001
-6.383193e-001
-6.382115e-001
-6.381729e-001
-6.381405e-001
-6.379593e-001
-6.379793e-001
-6.378801e-001
-6.377967e-001
-6.376565e-001
-6.375383e-001
-6.375545e-001
-6.373675e-001
-6.373327e-001
-6.373184e-001
-6.370786e-001
-6.370624e-001
-6.371277e-001
-6.374100e-001
-6.378720e-001
-6.382359e-001
-6.384152e-001
-6.385573e-001
-6.386736e-001
-6.388319e-001
-6.389011e-001
-6.388419e-001
-6.389011e-001
-6.389702e-001
-6.389907e-001
-6.390780e-001
-6.389964e-001
-6.389359e-001
-6.390231e-001
-6.389135e-001
-6.389259e-001
-6.388257e-001
-6.387647e-001
-6.386493e-001
-6.386245e-001
-6.384619e-001
-6.384171e-001
-6.383112e-001
-6.382034e-001
-6.381448e-001
-6.380389e-001
-6.379469e-001
-6.377924e-001
-6.376441e-001
-6.375182e-001
-6.374586e-001
-6.374486e-001
-6.376441e-001
-6.380084e-001
-6.384109e-001
-6.384781e-001
-6.386264e-001
-6.388300e-001
-6.389664e-001
-6.389640e-001
-6.389964e-001
-6.388500e-001
-6.388500e-001
-6.388643e-001
-6.389478e-001
-6.388462e-001
-6.388119e-001
-6.387814e-001
-6.388119e-001
-6.386612e-001
-6.385716e-001
-6.385062e-001
-6.384214e-001
-6.383355e-001
-6.381648e-001
-6.380408e-001
-6.378925e-001
-6.378515e-001
-6.375626e-001
-6.374162e-001
-6.373656e-001
-6.371153e-001
-6.370500e-001
-6.367996e-001
-6.366289e-001
-6.366289e-001
-6.369484e-001
-6.373532e-001
-6.376422e-001
-6.378863e-001
-6.381405e-001
-6.383274e-001
-6.384595e-001
-6.384252e-001
-6.384051e-001
-6.385043e-001
-6.384271e-001
-6.384962e-001
-6.384376e-001
-6.384295e-001
-6.384271e-001
-6.383336e-001
-6.382177e-001
-6.381610e-001
-6.380408e-001
-6.379388e-001
-6.377705e-001
-6.377600e-001
-6.377271e-001
-6.375282e-001
-6.374586e-001
-6.372822e-001
-6.371983e-001
-6.370843e-001
-6.370438e-001
-6.370953e-001
-6.376050e-001
-6.377867e-001
-6.380365e-001
-6.382259e-001
-6.384009e-001
-6.384676e-001
-6.384862e-001
-6.384476e-001
-6.383741e-001
-6.383479e-001
-6.383479e-001
-6.383236e-001
-6.382297e-001
-6.381648e-001
-6.382316e-001
-6.381286e-001
-6.380914e-001
-6.379612e-001
-6.378434e-001
-6.377090e-001
-6.375507e-001
-6.374858e-001
-6.373284e-001
-6.372860e-001
-6.370643e-001
-6.369870e-001
-6.368731e-001
-6.367553e-001
-6.366799e-001
-6.365173e-001
-6.365336e-001
-6.367834e-001
-6.372698e-001
-6.375425e-001
-6.377705e-001
-6.378129e-001
-6.378372e-001
-6.378596e-001
-6.378029e-001
-6.377724e-001
-6.378763e-001
-6.379512e-001
-6.378148e-001
-6.378048e-001
-6.378573e-001
-6.377481e-001
-6.377762e-001
-6.377152e-001
-6.375058e-001
-6.374505e-001
-6.372517e-001
-6.373389e-001
-6.372064e-001
-6.370257e-001
-6.369055e-001
-6.368268e-001
-6.366857e-001
-6.366494e-001
-6.365193e-001
-6.363891e-001
-6.362951e-001
-6.361368e-001
-6.360496e-001
-6.359256e-001
-6.361125e-001
-6.365703e-001
-6.368468e-001
-6.370032e-001
-6.372231e-001
-6.373838e-001
-6.375139e-001
-6.375888e-001
-6.375101e-001
-6.374000e-001
-6.376050e-001
-6.375120e-001
-6.374915e-001
-6.373084e-001
-6.372498e-001
-6.371520e-001
-6.370624e-001
-6.370681e-001
-6.369322e-001
-6.367491e-001
-6.366799e-001
-6.365150e-001
-6.364215e-001
-6.362789e-001
-6.361631e-001
-6.361063e-001
-6.360148e-001
-6.359213e-001
-6.356834e-001
-6.356466e-001
-6.356362e-001
-6.356834e-001
-6.360248e-001
-6.364625e-001
-6.366695e-001
-6.368430e-001
-6.370156e-001
-6.370462e-001
-6.371010e-001
-6.370643e-001
-6.369932e-001
-6.370400e-001
-6.369913e-001
-6.369460e-001
-6.369322e-001
-6.369627e-001
-6.368349e-001
-6.367429e-001
-6.366656e-001
-6.365092e-001
-6.364849e-001
-6.363991e-001
-6.362508e-001
-6.361406e-001
-6.361144e-001
-6.359127e-001
-6.358684e-001
-6.357563e-001
-6.357039e-001
-6.354249e-001
-6.352828e-001
-6.350368e-001
-6.349185e-001
-6.347330e-001
-6.345928e-001
-6.346090e-001
-6.348594e-001
-6.352518e-001
-6.356099e-001
-6.358522e-001
-6.359294e-001
-6.362165e-001
-6.362932e-001
-6.363767e-001
-6.362327e-001
-6.361325e-001
-6.363223e-001
-6.362265e-001
-6.362732e-001
-6.361979e-001
-6.362203e-001
-6.362203e-001
-6.360391e-001
-6.359699e-001
-6.359499e-001
-6.358359e-001
-6.358135e-001
-6.356142e-001
-6.356609e-001
-6.355856e-001
-6.355060e-001
-6.353353e-001
-6.352618e-001
-6.351889e-001
-6.350892e-001
-6.350287e-001
-6.349447e-001
-6.347640e-001
-6.346987e-001
-6.345523e-001
-6.345523e-001
-6.344040e-001
-6.344588e-001
-6.347230e-001
-6.351750e-001
-6.355250e-001
-6.357320e-001
-6.358235e-001
-6.360677e-001
-6.361406e-001
-6.362346e-001
-6.360558e-001
-6.361206e-001
-6.362103e-001
-6.361960e-001
-6.361650e-001
-6.362141e-001
-6.361817e-001
-6.360820e-001
-6.360701e-001
-6.360496e-001
-6.359175e-001
-6.358784e-001
-6.357501e-001
-6.356590e-001
-6.356037e-001
-6.355756e-001
-6.354859e-001
-6.354554e-001
-6.353415e-001
-6.352399e-001
-6.350935e-001
-6.350015e-001
-6.349552e-001
-6.348694e-001
-6.348370e-001
-6.350611e-001
-6.354111e-001
-6.356733e-001
-6.358421e-001
-6.361368e-001
-6.363404e-001
-6.364544e-001
-6.364768e-001
-6.364949e-001
-6.364525e-001
-6.365255e-001
-6.365536e-001
-6.366351e-001
-6.365274e-001
-6.366046e-001
-6.365884e-001
-6.364582e-001
-6.363972e-001
-6.363586e-001
-6.362327e-001
-6.362303e-001
-6.361511e-001
-6.361144e-001
-6.360129e-001
-6.359008e-001
-6.358135e-001
-6.357935e-001
-6.357625e-001
-6.357096e-001
-6.356304e-001
-6.356590e-001
-6.354678e-001
-6.354411e-001
-6.353052e-001
-6.353820e-001
-6.356590e-001
-6.360410e-001
-6.362222e-001
-6.363953e-001
-6.366919e-001
-6.367591e-001
-6.367086e-001
-6.366695e-001
-6.366838e-001
-6.365927e-001
-6.365908e-001
-6.365784e-001
-6.365665e-001
-6.365336e-001
-6.365131e-001
-6.364172e-001
-6.363199e-001
-6.362427e-001
-6.361569e-001
-6.361631e-001
-6.361082e-001
-6.359761e-001
-6.359437e-001
-6.360248e-001
-6.358989e-001
-6.359213e-001
-6.359108e-001
-6.358665e-001
-6.359418e-001
-6.358097e-001
-6.356934e-001
-6.355980e-001
-6.356142e-001
-6.354840e-001
-6.354392e-001
-6.356466e-001
-6.359537e-001
-6.365069e-001
-6.370195e-001
-6.371945e-001
-6.372579e-001
-6.373938e-001
-6.372498e-001
-6.372374e-001
-6.371477e-001
-6.372760e-001
-6.372274e-001
-6.372555e-001
-6.373556e-001
-6.374262e-001
-6.374815e-001
-6.375526e-001
-6.375869e-001
-6.375645e-001
-6.374996e-001
-6.373819e-001
-6.372579e-001
-6.372536e-001
-6.372436e-001
-6.370843e-001
-6.371053e-001
-6.370381e-001
-6.370338e-001
-6.370419e-001
-6.369098e-001
-6.368592e-001
-6.368755e-001
-6.372173e-001
-6.375969e-001
-6.380103e-001
-6.381992e-001
-6.383293e-001
-6.384595e-001
-6.385878e-001
-6.386183e-001
-6.386140e-001
-6.387079e-001
-6.388786e-001
-6.388806e-001
-6.389764e-001
-6.389235e-001
-6.389864e-001
-6.390350e-001
-6.390370e-001
-6.389764e-001
-6.389559e-001
-6.389559e-001
-6.389030e-001
-6.388300e-001
-6.388887e-001
-6.387976e-001
-6.387933e-001
-6.387222e-001
-6.386836e-001
-6.386202e-001
-6.385978e-001
-6.385248e-001
-6.383803e-001
-6.384757e-001
-6.385081e-001
-6.389397e-001
-6.394485e-001
-6.398266e-001
-6.400502e-001
-6.402701e-001
-6.404880e-001
-6.406320e-001
-6.407726e-001
-6.407865e-001
-6.409758e-001
-6.411713e-001
-6.414273e-001
-6.415899e-001
-6.415918e-001
-6.414641e-001
-6.413782e-001
-6.412628e-001
-6.411632e-001
-6.410735e-001
-6.409634e-001
-6.409271e-001
-6.409028e-001
-6.408108e-001
-6.407402e-001
-6.406320e-001
-6.405504e-001
-6.404489e-001
-6.404489e-001
-6.402944e-001
-6.403387e-001
-6.402538e-001
-6.401256e-001
-6.399973e-001
-6.399549e-001
-6.398752e-001
-6.401499e-001
-6.407154e-001
-6.411160e-001
-6.413744e-001
-6.416023e-001
-6.418646e-001
-6.419724e-001
-6.420148e-001
-6.421512e-001
-6.423123e-001
-6.423710e-001
-6.425031e-001
-6.425889e-001
-6.426151e-001
-6.426819e-001
-6.426333e-001
-6.426719e-001
-6.425870e-001
-6.426557e-001
-6.425908e-001
-6.426008e-001
-6.426294e-001
-6.424831e-001
-6.424525e-001
-6.423710e-001
-6.422508e-001
-6.422327e-001
-6.420782e-001
-6.420539e-001
-6.418403e-001
-6.418322e-001
-6.417506e-001
-6.417463e-001
-6.419218e-001
-6.423891e-001
-6.428040e-001
-6.430424e-001
-6.432884e-001
-6.435083e-001
-6.437114e-001
-6.437786e-001
-6.438234e-001
-6.437886e-001
-6.438826e-001
-6.439374e-001
-6.439536e-001
-6.438683e-001
-6.438864e-001
-6.438864e-001
-6.438072e-001
-6.437176e-001
-6.436728e-001
-6.435063e-001
-6.435202e-001
-6.433862e-001
-6.433190e-001
-6.432436e-001
-6.430705e-001
-6.430262e-001
-6.428187e-001
-6.426232e-001
-6.425584e-001
-6.424115e-001
-6.422451e-001
-6.421331e-001
-6.419724e-001
-6.418403e-001
-6.416433e-001
-6.414822e-001
-6.413801e-001
-6.415537e-001
-6.418989e-001
-6.423143e-001
-6.425479e-001
-6.426848e-001
-6.427696e-001
-6.429670e-001
-6.429508e-001
-6.427982e-001
-6.428493e-001
-6.428288e-001