59726
49642
70949
107975
92217
56890
47322
76474
109801
85166
58067
53388
92427
121758
90678
22065
57990
82078
46763
28054
22420
67477
88097
45151
29833
31893
80372
97008
46614
34384
46990
93271
99345
56545
50124
74012
112317
99994
68215
60187
87406
116093
91203
67954
62005
95554
117944
85977
68663
64030
101969
119100
82522
69200
69640
107493
117185
79630
69431
77365
112095
115171
79143
71338
83998
114309
103713
80095
74861
94304
114211
96829
80628
76247
99158
114360
92490
80227
76721
101061
112991
88558
79135
79545
105219
113862
85610
78150
84181
108453
109911
84032
77693
90080
111545
106243
82509
77105
95328
113443
97362
80539
76140
99802
114694
91565
79745
75871
104093
116702
88225
77928
79335
108551
118012
85836
77557
85201
112470
111930
82675
75603
90784
114510
102178
80747
74660
96334
116707
95861
78909
74140
101939
117790
90209
77280
73700
106273
119449
86131
75194
78389
109907
119534
82889
73773
83204
113388
110504
79710
71977
90426
116417
101018
78124
71998
96983
119049
92503
76938
71619
102280
114032
89428
75590
72639
107344
120298
85022
73991
77817
110781
119944
81873
73056
84949
114066
108197
79566
72370
91813
116719
98945
77441
71440
98386
118664
92363
75957
70758
103927
116622
87377
74285
73786
108129
120746
83759
73304
79924
111886
116899
80777
72076
86340
114612
104618
78341
71478
93122
116967
96667
76656
71031
99956
118925
90810
75701
71162
105351
119786
86831
75096
76115
109746
120222
83085
73731
82440
112919
112548
80658
72916
89236
116114
102673
78897
72681
96159
118178
94833
76793
71469
101666
119202
89244
75194
72007
106375
120639
85188
74034
77505
110547
120183
81963
73141
84066
112965
108832
79429
72246
90998
116800
99567
77369
71414
97520
118933
92837
75727
70493
103726
120226
87453
73837
72459
107740
119841
83255
72732
78935
111486
116370
80116
71577
85704
113320
104366
77574
70663
92312
116630
96253
75650
69670
98608
118472
89821
74042
69021
103786
119710
85517
72749
72775
108568
120729
82347
71862
79293
112061
114992
78862
70595
84152
114723
103236
76512
69336
92529
117329
95220
74533
68731
98923
119261
89244
72860
67848
104102
120239
84624
71768
72045
107596
121485
80978
70250
77864
109583
116766
77894
69038
84642
114694
103594
75092
67916
90704
116161
94879
73172
66790
95216
117752
88456
71457
65758
101568
118336
83443
69823
68155
105134
118421
79511
68322
74063
109109
116114
76648
67357
80560
112036
106845
74268
66572
87295
114578
96232
72383
65711
93309
116093
89279
70770
65190
96594
116442
84101
69414
65912
102430
116817
80227
68250
70817
106098
117278
77007
67204
76588
108900
108444
74639
66373
83225
110031
99393
72864
65848
89351
114421
92516
71418
65476
95673
117014
86643
69823
64747
100208
117168
82471
68800
67575
104110
116766
78610
67391
72408
107006
117794
75740
65963
77795
109856
107821
73359
65268
84036
111801
95865
71321
64346
89453
113746
89731
69746
63808
95169
115388
84668
68254
62985
99423
115704
80457
67131
65895
102617
115858
77092
65749
70775
102574
115269
74485
64999
76571
108927
107783
72413
64508
82436
104242
97140
70906
63882
87722
113312
90729
69324
63203
93813
115632
85644
68087
62704
98599
117350
81379
66995
64661
101090
114472
78090
66445
69687
101867
116310
75621
65810
75467
106597
107613
73325
65067
80846
110334
98744
71687
64713
87261
112390
93531
70394
64367
92444
114057
86800
68919
63634
97503
115815
83196
68364
64866
101380
115917
80048
67801
69158
104255
115504
76486
66572
73795
106862
111592
74396
73154
79187
109408
104818
72327
64504
84326
111490
95008
70894
64320
89825
113699
89675
69490
63506
94786
114049
85316
68330
63015
98987
116037
81229
66769
64405
101999
116144
77822
65732
68381
105087
116561
75262
64866
73334
102984
111374
73193
64227
78717
109664
102604
71807
63920
84539
112377
95229
70373
63313
89658
114028
89616
68923
63040
94086
115479
85047
67793
62640
98604
115742
81259
67050
64879
102020
115380
78133
65946
68739
105338
116565
75697
65268
73641
107924
112015
73568
64350
78772
110419
102745
70851
63045
83034
111323
95434
69861
62469
89483
114233
89398
67937
61715
93135
114975
83712
65383
59726
96373
115572
79617
64491
61910
101022
115883
76580
63851
65975
104400
116502
73704
62858
71414
107340
111831
71700
62196
77348
110070
101909
69580
61146
82641
111797
94009
67827
60354
87602
113234
91104
66304
60157
92905
114497
83047
65310
59838
97631
115666
79088
64354
62388
101760
117094
76294
64035
67635
105484
117189
73977
63429
73423
105748
110402
72161
62968
78986
111105
100741
70134
62170
84876
112709
93105
68739
61931
89987
114126
87129
66931
61040
94824
115363
82795
65954
60703
99260
116323
78802
64623
64214
103215
112002
75888
64206
69456
97567
116643
73615
63404
75629
109814
106474
70894
62934
81912
111733
97819
69251
61971
87240
108815
90575
67810
61459
92627
108146
85077
66419
60839
89919
115746
80768
65327
61931
101372
116548
77753
64674
66845
105207
117492
75117
63975
71990
108184
115824
73035
63262
77693
110824
103842
70775
62435
83328
112441
95519
69183
61944
88528
112783
89586
67857
61663
93446
115405
84638
66684
61173
98297
116429
80512
65336
62828
102092
116954
77288
64496
67170
105535
116963
74870
64035
73283
107471
112015
72826
63621
78704
110974
102058
70843
62729
83797
112544
94854
68932
61859
88861
112484
89155
67742
61692
93741
115695
84347
66509
60759
92551
116605
80611
65588
63040
102750
118869
77185
64504
67473
106174
120132
74728
63825
73249
108688
111528
72191
62853
78662
111200
101402
69892
61838
84446
113149
93587
68172
60998
89978
114893
87466
66526
60281
95055
116195
82876
65374
59859
99559
117185
78887
64244
63361
99662
118157
75735
63438
68817
107442
118123
73287
62384
74622
109728
107045
70970
61863
80965
112108
97677
68842
61258
86626
113789
90328
67110
60614
91851
114838
84582
65831
60187
97000
115530
79958
64683
61902
101243
116271
76738
64141
67238
105228
117231
74157
63023
72314
107869
110009
71287
62141
78563
110265
99622
69120
61381
84535
112309
91736
67425
60691
87449
113977
85726
65861
59914
95485
115154
80918
64610
60196
100045
115960
77117
63651
64905
104106
116852
74038
62678
71099
107002
111179
71077
61620
77113
108329
99580
68625
60588
83333
111323
91224
66585
59804
89227
112978
84949
65118
59304
94735
114787
80176
64115
60072
99469
113401
76396
63177
65293
97178
116250
73107
61988
71235
106798
109071
70463
61288
77902
109331
98280
68586
61006
83494
111520
90618
66965
60310
90579
113295
84429
65558
60046
96048
114672
80146
64640
61385
100600
115589
76465
63510
66206
103867
118118
72976
62295
72536
106883
107002
70386
61510
78794
109114
96807
68432
60669
85951
112279
88907
66424
60037
92090
114036
83179
65114
59428
96619
115210
78372
63586
62477
101914
115504
74221
62371
68326
105117
113849
71026
61156
75006
108495
103922
68769
60600
82228
106951
92367
66897
60145
88861
109200
85517
65668
59769
94794
113533
80300
64282
60238
99593
115666
76400
63476
65835
104221
116054
72851
62162
72322
107156
106823
70195
61292
79318
110167
96615
68386
60879
86395
112470
88425
66316
59867
92568
113896
82343
64866
59522
97836
114668
77532
63544
63387
102301
115371
73735
62320
69537
106000
111930
71026
61292
76115
108381
99111
68104
60111
81835
108116
88395
65361
58877
87487
109524
81963
63933
58886
93267
113358
77612
62858
60276
97933
113358
73943
61667
65715
101994
113043
70826
61070
72707
105782
102284
69137
60913
80061
108927
92422
66854
60012
86698
110798
85346
65306
59326
92653
112586
80252
64137
59500
97904
113520
75983
63109
64521
101491
113255
72293
61889
70599
104631
106474
69930
61104
77288
104840
96274
67738
60396
84109
110807
88511
65639
58843
90298
112539
82556
64598
59002
95400
113482
77817
62909
61036
100062
114049
73952
61957
66381
103799
114233
71043
60900
73334
107318
102881
68360
59808
79894
109276
94500
66031
59091
86037
112010
85699
64653
58336
91902
112552
79989
63544
58771
97200
113128
75949
62729
63480
90721
114262
72847
61965
70109
104818
109549
70902
61953
77407
109647
99469
69994
63340
85704
112027
91489
68236
60998
90175
113516
82821
62661
56566
94731
114352
76990
60699
57700
99243
114745
72370
59292
63387
103262
115111
68769
58092
70143
106546
102843
65698
56480
77232
109217
91817
62674
54846
83750
111443
83494
59747
52522
88673
111810
76085
57845
52364
94295
112838
72097
57320
57597
99981
113904
68744
56382
64422
104038
108500
62337
49088
63271
96812
84945
51779
44311
70578
101935
78419
52368
45312
78905
104456
71640
50700
44533
84778
105949
67315
51102
48849
93920
111370
68015
55423
60959
103637
115513
73769
66424
79126
108432
105194
80082
75735
89253
108559
98911
82292
77117
93370
108606
95635
77987
70762
84983
92158
70352
47411
73645
47723
26731
20423
57133
80700
45185
27243
22223
71213
92832
46435
32439
38032
88912
106955
58997
48457
61419
104805
106226
66022
58899
80376
114706
99952
72148
65895
90878
114364
91697
72106
66701
94448
112697
85009
69990
64640
99431
114305
80726
69055
70138
103547
114518
78482
68995
76405
107010
108836
76785
69541
83644
109276
99290
76461
71077
90340
110406
92695
76008
71418
94517
110820
87871
75109
71247
98778
111319
84484
73952
73880
101956
108312
81413
73027
78840
103671
109524
77591
69405
83299
109194
99294
76290
70356
87858
110180
92251
75433
70957
91172
110838
87627
74959
71056
99188
111298
83716
73653
74068
101632
110803
81451
74051
78960
104673
106068
79583
73065
85124
106043
97004
77813
72967
89838
107249
90486
76030
71645
93941
108286
85930
74165
70582
98024
104417
82036
72796
74489
100655
109280
78806
71572
79788
103432
102020
77723
71683
85193
105300
93523
75867
70911
90132
107105
88221
74409
70104
95451
108841
84271
73146
71781
99188
109114
80978
72447
76516
102229
107613
78351
71469
81942
105147
98134
76644
70868
88217
107770
91424
74814
70104
93335
108956
86268
73679
69708
97643
109719
82667
72843
73658
101402
110317
80274
72169
79147
104707
104549
77570
70889
84876
107761
96090
75752
70203
91275
109886
89633
74417
69819
96240
110679
84412
72527
70331
99755
110586
80440
71137
75369
103219
109668
77911
70813
81656
105863
99230
75757
69844
87551
107966
91398
74110
69243
92632
109754
85862
72881
69008
98202
110790
82232
71956
73615
102733
112023
79472
71270
79511
105446
103014
76840
70390
85704
107591
94094
74831
69427
91565
109843
91142
73120
68893
96837
106226
83354
72003
71188
98906
111366
79860
71145
76742
104605
107693
77651
70565
83589
107488
97482
75846
69956
90247
109962
90626
74102
69405
95254
110628
85098
72771
70007
96022
110952
81204
71789
74831
103035
110764
78355
70932
80808
105932
100314
75949
69968
87368
108606
92268
74472
69644
93506
110760
86535
73099
68910
97004
111549
82450
72301
73437
101811
111947
78883
70980
78828
105122
103035
76375
69717
85081
104144
94333
74758
69346
88161
110082
87807
73116
68663
96642
111208
83572
72322
71632
101696
112211
80529
71572
77676
105680
108210
77885
70775
84245
105719
97686
75411
69909
89982
109797
90025
73884
68957
95502
111422
84928
72430
69683
100075
111873
80846
71226
74844
104059
111729
78026
70075
81434
106811
100117
75462
69222
87820
109698
92103
73628
68523
94158
112108
86182
71918
67669
98505
111759
81383
70684
72084
102754
112326
78231
69802
78470
106119
103969
75987
69154
85218
108913
97482
74307
68688
91868
111029
88208
72732
68262
97490
112480
83627
71807
70741
102523
113187
79720
70523
76461
105372
108112
76588
69145
82986
108312
97332
74626
68744
89714
110261
89756
72771
67759
95174
111579
84505
71820
68906
99145
112203
81259
71440
74677
103078
112829
78584
70707
78235
107556
101798
75940
69609
81323
109229
92849
73782
68330
93041
111093
86531
72191
67618
98177
112168
82241
71039
71188
102549
112897
79259
70190
77736
106064
106993
76673
69473
84198
109156
99064
74912
68957
90562
106273
89253
72997
68279
95903
112535
84044
71862
69029
100532
112735
80692
70855
74728
104371
115427
77612
69751
80876
107651
100583
75522
69222
83030
109852
92427
73897
68505
93387
111605
86941
72561
67994
98104
111955
82266
71179
71452
102084
112091
78760
70028
77263
105395
106294
76465
69069
83797
108585
91932
74140
68475
90033
105326
89288
72873
67933
95618
107651
84395
71850
68906
99209
113469
80773
70693
74012
104528
112612
77113
69042
79966
106951
100996
74779
68223
85849
109511
92708
73189
67852
92657
111238
86826
71666
67131
98147
112586
82389
70646
70957
102762
113380
79267
69882
77177
106379
107672
76567
69196
84198
109412
99969
74273
68134
90213
110586
89053
72339
67486
89859
112036
83870
70980
68523
98744
112714
79852
69878
74311
103509
111384
76980
69141
81255
107966
100028
74660
68250
88323
110718
91762
72891
67537
94811
112629
85401
71287
67101
98134
111678
80645
69960
72195
103535
113153
77219
68659
78922
107084
102280
74836
68130
85938
109775
93101
72912
67255
92981
112061
86903
71474
66885
98735
114335
82019
70138
70855
103180
114910
78457
69328
77420
106785
106055
75365
68006
84160
102976
95148
72946
66953
83938
111213
87641
71243
66606
96727
112527
82688
70058
68633
101760
113303
78918
69256
75181
105774
109238
76081
68117
82501
109058
97720
73718
67630
89927
110590
88988
71755
66871
87602
112070
83277
70352
67848
98194
112961
79301
69298
73983
105036
111076
76366
68288
80999
108159
102835
74004
67545
88412
104976
90930
72387
67144
91117
112931
84795
70915
67213
100634
113755
80381
69640
72553
104098
113524
77062
68420
79412
107672
101730
74541
67690
86753
110252
92469
72681
67072
92516
112151
86029
71103
66547
98761
113289
81699
70126
70940
103774
114408
78133
68923
77795
107617
105884
75642
68172
84928
109920
95169
73270
67425
91445
107126
87828
71359
66782
97123
112868
82965
70292
68893
101965
117363
79170
69063
74916
106055
110078
76277
68466
82177
109152
98795
74324
67712
89292
111703
91066
72583
67196
95459
113341
84838
70565
66487
99810
113295
80552
69490
71670
104110
114023
77361
68420
78252
99734
103774
74703
67588
85290
110176
96394
72885
67140
83286
112197
88050
71683
66697
97520
113733
83265
70241
68834
102361
114779
79506
69554
74720
105928
111097
76298
68313
81354
108739
99610
74170
67511
88255
111046
92230
71913
66373
94210
112914
85299
70502
66146
98735
113691
81268
69844
69332
100420
114548
78282
69132
77475
107574
106968
75923
68458
84211
110304
101436
73662
67664
90183
111571
89697
71952
66982
95783
112889
84569
70898
67425
93429
112663
80654
70032
72527
99380
113892
77689
69055
78359
107642
104481
75689
68620
85461
110334
95831
73875
67763
91608
112753
90793
72267
67114
96355
111634
84454
70847
67507
98202
113477
80423
69751
72335
103816
113896
77373
68786
78726
107454
104013
75160
68057
85239
110009
95345
73526
67763
91381
110995
88831
72118
67170
92384
113482
84118
70881
68142
101325
113640
80347
69636
73141
104379
114023
77327
69000
79174
107207
104409
75117
68301
84966
104780
94628
73291
67562
90511
111332
88562
72066
67110
95997
112658
84288
71082
67912
100549
113426
80893
70190
72622
104767
116139
74238
63284
74102
108073
105996
72058
63757
81536
104818
96134
70365
63621
87415
112620
89279
69098
63382
93984
114275
84032
68100
63459
99362
114258
80154
67579
68002
103475
115444
77297
67123
74000
107028
111037
74605
66005
79881
109122
101977
72766
65634
86126
110893
92346
71274
65195
92030
112671
86843
70053
64991
96756
113503
82372
68940
66325
101035
114438
79382
68185
71111
104673
115018
76294
67123
76827
107839
106584
74754
66078
82799
109660
96863
71666
65059
88033
111447
89612
69943
64350
93391
113107
84590
69038
64240
91053
106495
80802
67998
66052
101560
114429
77685
67255
71640
105633
113977
75492
66572
78440
108606
103709
73573
66095
84442
110398
94943
72106
65916
89923
110961
89015
71090
65736
95042
113008
84074
69687
65506
99622
113695
80666
68893
69584
98322
116067
77672
67912
74665
105936
110317
75172
67127
80347
108504
100420
73274
66479
85824
101581
93182
72839
67281
88681
99981
87530
71274
66087
94606
112279
83055
69601
66492
99776
112885
79706
68595
70732
103198
113631
77066
67933
76119
102648
107118
74796
66765
81627
108478
93924
73001
66240
87360
110658
91138
71022
65537
92516
104929
85409
69580
64913
96905
112535
81388
68710
66794
100877
113435
78482
67793
71918
104549
114369
76277
67294
77437
107579
105087
73897
66248
77484
109907
96509
72630
66308
89219
111435
89756
70523
64999
93868
112364
84889
69759
65114
97716
113324
81208
68773
67925
101829
113623
77898
67742
73005
105044
112855
75560
66987
78819
107757
102911
73727
66492
84442
110368
95033
72007
65839
90311
111801
88412
70305
64999
94513
112603
83623
68919
64709
99209
113585
80027
68244
68893
96974
114015
77259
67443
74182
105975
110764
75181
66828
80103
108887
101508
73380
66197
86080
111418
94162
71730
65698
91693
113012
87739
69797
64496
96172
113665
83055
68642
65050
100173
114864
79659
67755
69298
99047
114284
76499
66807
74554
106443
109208
74366
65886
80483
109152
99990
72391
64828
85989
111968
92661
70062
63886
91872
113460
86327
68561
63370
96176
114126
81886
67425
64282
100412
109583
78641
66765
69012
103986
114753
75987
66278
74796
100412
108286
73765
65622
80730
108495
99324
72101
65054
86672
111852
92325
70544
64291
91885
113217
86357
69384
64320
95208
113200
82061
68275
64951
99977
114182
78645
67101
69371
103888
114847
76068
66202
74494
106857
108887
73863
65472
80768
109677
99243
71837
64678
86545
111469
91710
69888
63899
91066
112112
85832
68492
63267
95588
113030
81575
67391
63962
98633
113524
77975
66282
68275
103065
113926
75185
65404
73795
106149
108444
73150
64811
79604
108777
98911
71491
64107
85132
110235
91514
71623
63279
90486
111878
85819
67994
62921
95182
113289
81767
67118
63370
99341
113841
78277
66039
67588
103133
117291
75748
65476
73312
106422
110641
73483
64845
78777
109101
100625
71359
63975
84689
110743
92832
70126
63626
90298
112561
87108
68804
63480
95225
113354
82816
67852
63672
98983
110696
79084
66790
67704
102608
114531
76328
66091
73334
106413
110824
73710
65199
79477
109016
100403
71700
64534
84838
108453
92598
69661
63340
90357
112087
86749
68432
63122
95285
113217
82202
67038
63254
89616
114381
78704
66261
67912
103526
115568
75837
65404
73215
106665
110193
73414
64653
79540
109528
99768
71124
63489
84962
110965
95430
69188
62934
90443
108529
86033
67886
62448
95311
111831
82112
67439
63523
99576
114049
78632
66333
67827
103513
114881
75581
65259
73496
106597
110462
73185
64354
79506
109344
102306
70980
63497
85512
110781
91650
69012
62790
90784
112633
85162
66684
61476
95660
113589
81106
66172
63186
100220
114408
77356
65173
67827
103709
115257
74840
64308
73244
106934
109357
72391
63694
79681
109758
98919
70173
63036
85384
110974
91190
69077
62716
90349
112701
85768
67895
62636
95861
113537
81566
66589
62926
99943
114625
77625
65596
67994
103734
115052
75185
64815
73735
106866
108862
72468
63821
79809
109446
99089
69802
62204
84868
110781
90687
68130
61804
89343
112224
84787
66824
61330
94363
113234
80385
65822
62209
99042
114267
77344
64939
66850
103103
114950
74806
64559
72370
104792
110684
72895
64005
78550
108904
103484
70957
63535
84061
110752
92828
69098
62708
89415
112458
87248
68074
62367
94167
113465
81985
65319
60140
98177
107710
77765
64325
64005
101755
115149
74711
63425
68974
105300
114369
72216
62179
74068
107425
103778
69823
61415
79792
109438
95199
67831
60674
85111
111162
90149
66449
59914
90277
112893
86501
64922
59343
94756
114391
79477
64005
59872
98731
114459
75854
62499
63868
101982
114412
72595
61402
68548
104511
111827
70237
60686
73803
107002
102092
68488
60102
79024
109054
93796
66572
59227
84556
111016
88588
65554
59176
89756
112948
83763
64555
58831
93843
114122
79920
63463
58712
97984
113866
76413
62712
62098
100856
114762
73909
62282
66961
103564
114868
71841
61740
71674
106542
106972
70007
60873
77249
108862
100446
68223
60596
82603
110496
92200
66974
60217
83797
111750
86545
65685
59548
89066
109374
81856
64274
58890
95540
113614
78294
63224
60242
98906
114160
75638
62763
63497
102187
114677
73624
62346
68834
104972
113998
71376
61633
73748
104912
104618
69708
61129
78282
108841
96803
67797
60562
83392
110986
90319
66828
60225
87974
112019
85815
65749
59923
91876
113213
81822
64858
59539
96113
114216
80794
64137
60793
99226
114736
76256
63425
64576
102694
117714
73995
63049
69073
104345
113324
71568
62196
73585
107340
104174
69900
61488
78482
109255
96905
68369
61134
83627
111008
91108
67251
60566
88378
112407
86579
66189
60439
92452
112978
82705
65571
60306
91113
110838
79382
64636
61390
99431
114446
76064
63540
64530
101918
114740
73714
62725
68838
103897
113780
71837
62337
73355
107126
105914
70267
61620
78060
108961
98331
69038
61398
83255
110965
92226
67622
60720
87650
112522
88071
66517
60208
91356
114019
84616
65169
59654
94581
113640
79886
64405
60033
97993
113917
77143
63791
63028
100975
114762
74857
63357
67524
103803
115056
73129
62998
71657
106226
109519
71423
62256
76042
108398
102050
70045
61791
80478
109494
94973
68386
61198
84484
110679
89931
67158
60652
88600
112023
85802
66291
60494
92325
112944
82211
65233
60170
95827
113665
79515
64585
61006
98970
115206
77109
63821
64376
101888
120960
75304
63677
68176
103918
114612
73146
63109
72259
106013
108777
71717
62819
76546
107681
101905
70438
62585
80607
100045
95912
68927
61654
84369
111071
90947
67780
61262
88647
112462
87091
66931
61061
92171
113528
83486
65831
60691
94875
113606
80487
65336
60703
97793
113960
78026
64883
63834
98403
114165
76307
64964
67605
103287
114603
74438
64466
71465
105719
111895
72873
63643
75871
107596
104400
71598
63336
79728
101704
97976
69985
62576
83729
107821
92371
68415
61829
87146
111183
88135
67272
61476
90981
112595
84160
66390
60998
94342
113085
81127
65660
60822
97230
113806
78427
65050
63391
100549
114309
76422
64354
67101
102921
114335
76520
64466
71401
104870
115227
73056
63996
75126
101277
105685
71350
63279
79118
108256
97976
70019
62559
83251
109702
92832
69034
62606
87428
111443
88668
68432
62610
91211
112197
85085
67494
61838
94333
112445
81327
66709
61961
96892
112398
78751
65626
64090
99141
112982
76273
64991
67507
102148
113102
74529
64227
70911
104468
111140
72754
63890
75386
106504
103632
71325
63241
79741
106123
97469
70126
62551
83401
109255
91671
68765
62153
87206
110163
87022
67425
61569
90903
111469
83384
66390
61224
94568
112211
80239
65532
61552
97588
112936
78133
65272
64705
100710
113627
75748
64462
68471
103027
113862
74127
63864
72442
105091
111575
71969
63527
76976
102728
100361
70655
63036
81272
108559
94043
69166
62716
80287
110065
88878
68176
62278
90353
111225
84791
67511
62170
92154
112432
81293
66458
62000
97993
113034
78419
65779
65617
100970
113145
75496
64661
69319
103074
113047
73291
63740
73995
105279
104682
71363
63152
78692
107024
96833
69580
62507
83691
109126
90674
68172
62043
88264
110231
85551
66833
61419
92376
111366
81519
65912
61142
96181
111742
77881
64743
63916
99474
111989
75215
64176
68428
102335
112339
72942
63459
73308
100570
104081
70966
62772
78436
106644
95916
69410
62439
83917
108423
89667
67967
61863
88729
109945
84544
66697
61146
91087
110586
80330
65656
61373
96500
111264
77207
65127
65583
100246
112040
74464
64009
70762
103359
108760
71785
63262
76781
106303
95089
69819
62750
83511
108794
90827
68147
62051
89343
110248
83805
66671
61573
93813
110884
79033
65463
62875
98092
111132
75723
64640
68373
101888
111634
72783
63574
74273
105002
101414
70536
62729
80756
107698
92456
68629
62244
86848
109425
85695
67166
61654
90533
111097
80658
65622
61535
96897
111128
76512
64551
66108
100762
111661
73376
63595
72481
103871
105539
70796
62661
78636
106504
94530
68778
62034
85073
108614
87056
67243
61624
90704
110309
81579
65801
61129
95745
111392
77395
64632
64376
99550
111460
73960
63791
70288
102938
107079
71278
62682
76682
99908
95925
68680
61646
82624
107890
87633
66650
60729
88831
109818
82368
65579
60367
94018
110611
77526
63920
62256
98096
112735
73892
63071
67998
101504
109088
71035
62022
74140
104166
97660
68778
61565
80675
106674
89185
67260
61040
87193
108483
82863
65609
60644
92448
110121
78107
64589
61965
97370
110671
74677
63664
67336
101431
111097
71964
62725
73594
104519
99457
69124
61715
80116
106538
90388
67272
60942
86177
108346
83576
65656
60345
91714
109524
78849
64278
60767
96373
110146
74550
62964
65707
94594
110713
71785
62303
71871
103683
101590
69609
61667
79126
106358
92166
67797
61044
85278
108491
84681
65907
60524
90938
107664
79420
64593
60464
95664
110453
75484
63472
65122
99670
113593
72157
62534
71111
103188
102750
70066
62060
78103
103829
93280
68049
61480
80884
108487
86148
66675
60797
90025
109579
80453
65212
60367
95195
110364
76396
63967
64278
99239
113209
73010
62887
70322
102669
107050
70169
61931
76703
105526
94492
68096
61326
83384
107975
87022
66231
60494
89381
110931
82633
65148
59991
94248
110513
76201
63476
62763
97882
110087
72595
62460
68373
96970
106205
70155
61812
75342
104541
95080
67981
60839
81579
107045
87360
66364
60333
87918
108935
81656
64888
59760
93322
109877
76900
63749
62324
97669
107903
73308
62836
67835
101205
108658
70766
62217
74076
104038
101260
68527
61334
80594
106320
89036
66923
60865
81217
108419
82897
65673
60579
92376
109723
80816
64453
61527
96966
109242
74728
63531
66752
100659
112006
71581
62627
72988
103457
99529
69200
61629
78009
106038
91159
67417
61074
85244
108043
84215
65681
60443
91006
109412
79242
64678
60537
95878
110760
75621
63732
65050
99918
108201
72847
62938
70889
101777
103990
69977
61992
77271
105236
93429
67784
61160
83460
106572
86237
66129
60695
89326
109941
80730
64974
60191
94171
110061
76610
64056
63548
98394
110828
73445
63045
69251
102250
107198
70881
62435
75718
105014
96069
68752
61715
82104
107002
88298
66902
61057
87828
108602
82228
65489
60388
92776
106849
77574
64128
62009
96778
110309
73977
63080
67452
101180
110057
71270
62200
73718
104580
99418
68808
61398
80256
106955
90268
66786
60515
86020
108201
83174
65093
59808
91411
109404
78355
63984
60341
95694
110031
74699
63023
65220
99679
110504
71858
62221
71363
103069
102062
69495
61480
77856
105795
92888
67908
61142
84749
108094
85747
66449
60951
89811
108841
80248
64926
60247
83695
109442
75786
63945
64401
98121
109775
72826
63063
70446
102067
106362
70472
62299
77003
103321
96807
68492
61872
83494
107275
86954
66982
61356
89066
108713
81089
65434
60566
93954
109135
76605
64393
63890
98147
109455
73406
63621
69592
101351
105906
70945
62836
75919
104434
95550
69073
62278
82406
98714
87709
67482
61607
88378
108585
82194
65975
61057
93455
110326
77805
64726
63182
97438
110965
74345
63791
68509
100924
108751
71423
62904
74588
103744
97366
69217
62248
81242
106358
89722
67503
61510
87193
108239
83132
66056
61066
92623
109638
78269
64769
62380
97430
110292
74605
63531
67533
100685
109570
74506
62585
73761
103692
97887
69188
61766
80252
105910
89117
67243
61339
85921
107937
82974
65818
60460
92107
109139
78273
64606
61885
96978
112893
74819
63783
67435
100911
111306
71700
62738
73581
103449
98782
69243
62030
80372
106085
89633
67545
61347
86672
108056
83140
65779
60797
92209
108154
78112
64572
62230
95485
109877
74328
63736
68032
100996
109148
71503
62716
74443
104025
97516
69171
61910
81029
106201
88366
66987
61232
87095
107808
81596
65468
60405
92226
109097
76955
64086
62716
97413
109860
73431
63040
68710
101300
107173
70847
62303
75833
99827
95298
68608
61514
83157
104703
89078
66637
61070
89146
108696
80372
64713
59940
93902
109348
75808
63711
64145
97703
109873
72442
62619
70169
102062
103415
69627
61561
77109
105099
92359
67511
60925
84177
107484
84616
65810
60665
89479
109092
79156
64917
60733
95980
110091
75155
63404
66001
99895
111327
71363
62158
72591
95523
98650
68693
61347
79920
104686
88788
66572
60532
86600
107949
81976
64871
59833
92691
109587
76827
63830
62640
98121
110547
73266
62798
69533
102348
108137
70070
61539
76631
98923
93182
67448
60640
77241
107228
84727
65715
59991
89705
108832
78423
64189
60157
92854
109511
74012
62712
65783
99900
110252
70936
61880
72826
103740
98036
68424
60938
79949
106495
88571
66265
59965
86899
107962
81058
64320
59253
92568
108692
75863
62909
61919
97182
109297
71833
61698
68513
100403
104034
68872
60583
75590
104263
92473
66845
59906
83077
106930
84361
65020
59287
89923
108999
78760
63711
59654
95413
109251
73960
62252
65093
99269
109723
70424
61275
72246
102745
97908
67908
60780
79856
105676
88046
65963
59923
86097
107753
81089
64354
59266
109263
76375
63262
61919
97626
111609
72425
62303
68313
101300
104268
69298
61241
75317
103965
91957
66722
60046
82821
106269
83797
64964
59214
89095
107996
77970
63267
59159
94526
109562
73670
62337
65186
94930
109541
70877
61975
72434
102669
97793
68424
61322
79583
105522
88238
66415
60337
85384
107122
80935
64794
60054
85136
108184
76247
63762
62913
97119
108785
75672
62772
69380
101022
103351
69844
61957
76968
104405
92278
71397
61322
83896
104422
84339
66031
60648
90340
108436
78726
64691
60725
95263
108688
74225
63254
66223
99072
108798
71158
62324
73168
102540
97447
68646
61616
80296
105065
87658
66333
60635
86728
107113
80999
64974
60179
92687
107719
75996
63565
63135
97409
109272
72400
62494
69738
100881
102016
69260
61373
76417
103782
90797
67016
60759
83746
105880
83409
65298
60046
89765
107429
78935
63745
60545
95055
108648
73466
62772
66654
98877
107937
70403
61825
73602
103061
95601
68070
61100
81195
105924
89582
65912
60341
87193
106989
79852
64128
59491
92363
107783
74861
62938
63591
97465
108398
71560
61863
70134
100894
103232
68756
61262
77557
104127
92866
66773
60814
84715
105628
82446
65105
60098
90029
107795
77441
63783
60865
93434
107774
73624
62955
66078
98501
107975
70365
61971
72464
101615
96739
68373
61220
79139
104132
87879
66381
60490
85504
106145
81195
64930
60042
91182
107604
76972
63647
61467
95613
108316
73257
62602
66589
98706
106853
69922
61390
72345
101359
97785
67477
60358
78529
104234
87900
65541
59662
84544
105850
80717
64073
59027
90234
106998
76068
62930
60123
94632
107869
72860
61923
65588
98851
108278
70382
61330
71674
101457
96858
67998
60571
77983
101107
87991
65861
59923
84258
105577
81724
64504
59496
89544
106751
76840
63344
60341
94065
107488
73240
62687
65310
98356
107958
70770
61957
71516
101470
98684
68765
61505
77727
103223
89117
66820
60558
83392
104652
82467
65037
59889
88634
106358
77604
63808
59816
93135
107113
73683
62602
64496
97230
107693
71291
62102
70343
100706
100314
68987
61493
76703
103461
91381
67046
60797
82850
105492
83879
65088
59696
87087
106226
78320
63736
58767
92568
107088
74136
62426
62729
83435
107655
71116
61650
68449
93902
102225
68671
60852
74063
102523
92490
66811
59999
80927
105151
85397
65059
59453
86753
106930
80023
63847
59087
91411
107476
75437
62721
61177
95567
107932
71947
61732
66606
99226
107625
69342
60989
72980
101858
95216
67391
60323
79698
104648
89799
65984
60119
85764
106925
81344
64644
59556
90835
108218
76904
63080
60375
95387
108589
73039
62244
65613
98458
108278
70092
61087
71162
101359
98001
67895
60464
77463
103769
89121
66043
59560
83542
105795
82611
64576
59091
88822
107275
77834
63284
58826
93817
108320
73987
62312
63353
97558
108662
71052
61817
69490
100305
102127
69285
61347
75573
102621
92657
66701
59821
81153
105437
85409
65046
59172
86412
107101
79873
63702
58835
91910
108436
75906
62981
61181
96056
108969
73509
63169
66897
99503
108836
70775
62051
72148
101815
97546
68445
60930
77488
103188
89859
66624
60350
83405
105884
83580
65357
60085
88668
107442
79020
64163
59705
93421
108440
75894
63928
63211
97131
109143
72988
62875
68147
99878
106755
70178
61988
73103
102140
96522
68113
60972
78700
104375
89180
66530
60242
84391
106354
83123
64798
59573
89351
107787
78533
64086
59777
93868
108777
75206
63028
63267
97669
109490
71960
61723
67562
100390
105624
69120
60583
72847
102272
95652
67084
59799
78614
104832
88127
65233
58920
83938
106533
82155
63804
58105
88698
107744
77864
62614
57922
93148
108679
74387
61624
61330
97068
109617
71841
61023
66265
99793
108197
69324
60293
71611
102352
97823
67340
59487
77497
104614
90055
66100
59855
83333
106584
84152
65152
59688
88592
108324
79869
64005
59266
92998
109285
76226
63011
61249
96919
109638
73052
61983
65831
99448
109596
70292
61078
70834
101999
100919
68492
60532
76307
104328
92414
66654
59855
81780
105399
85995
65319
59389
86740
105979
81110
64206
59172
90613
105450
77139
63143
59548
89049
109314
73670
61753
63412
97959
108999
70779
60627
68036
100540
104115
68267
59838
73492
103057
94735
66074
58720
78256
104639
87491
64124
57593
82799
106081
81426
61561
54915
86416
106555
74580
57751
52317
89368
106396
69700
55427
53468
91663
105863
65814
53724
57819
94922
106047
62815
52590
62665
97601
97294
60409
51536
68079
99452
87815
58268
50581
73790
101577
80948
57082
50607
79477
103649
76303
56681
50965
85341
105620
72430
56122
50909
89671
105906
68535
54898
54685
92418
106439
65647
53993
59539
96244
105880
63651
53925
65992
99747
96654
62136
53815
71981
101948
88003
60234
53132
77463
103539
81358
59044
52714
83208
105471
76554
58020
52509
87786
106764
72379
56920
53008
91629
106866
68889
55925
57099
94807
105582
65924
54915
61902
97618
104242
63609
54173
67328
100168
94521
61684
53443
73035
102553
86971
60618
53635
78939
104857
81468
59671
53298
84049
106516
76921
58626
53166
89053
107924
72984
57768
53934
92820
108034
69687
56778
58280
96022
108415
67196
55969
63101
98826
104963
64547
54928
68347
101192
94598
62529
54446
74775
103598
87056
61010
54092
80300
105087
80474
58911
52718
84578
106115
75365
57884
52347
88920
106678
71755
57299
54867
92785
107403
68885
56835
59565
96130
107651
65677
54791
63702
98501
100395
63190
54241
69968
101624
91343
61385
53422
75979
103871
84040
59918
53149
81737
105821
78427
58242
51963
85648
105876
72830
56374
51136
89595
106478
69137
55431
54958
93284
107050
66364
54804
59974
96932
107092
64189
54147
65741
99832
97298
62162
53631
71649
102314
88532
60606
53178
77911
104286
82190
59419
52786
82961
105672
77015
58451
52607
87568
106482
72106
56519
52693
91851
107911
69090
56272
57876
95916
108231
66282
55644
63480
96722
103274
64393
55286
70233
102096
92922
62102
53921
75369
103671
84501
59855
53157
81204
105245
78235
58511
52475
86634
106712
73795
57739
53622
91680
108017
71167
58084
58664
96035
108239
68808
58114
64627
99290
105757
65882
56996
70369
102352
95519
64606
57218
77139
104303
91322
65903
59453
83341
104849
82150
63774
58617
88084
106542
77595
62482
57798
92524
107476
73185
60913
61019
94930
107539
70036
59684
65988
98714
104170
67733
58928
71918
101325
93702
65685
58750
77488
102566
85431
64206
58280
83064
104195
79604
62026
56740
87593
105078
74571
60822
57334
91659
105258
70898
59457
61454
95609
106235
68087
58767
67669
99051
98774
66214
58456
74277
101867
89855
64640
57845
80231
103594
82402
62798
57320
85188
103641
76929
61531
56886
89846
105372
72950
60409
59722
93898
105996
69746
59590
64909
97273
104332
67247
58617
71005
102323
93847
65025
57794
76554
102136
85525
63207
57188
82364
103803
79105
61544
56198
87026
104895
73939
59522
55533
91390
105586
70263
58621
60481
95012
105936
67439
57683
65412
95971
96619
64329
56706
71304
99264
88681
62896
56399
77514
101248
81063
61271
55696
83170
102801
75697
60016
55111
87896
103334
71384
58775
57129
91817
104047
68364
58200
62371
94986
103163
65793
56813
68091
97887
92849
63882
56668
74208
99815
84928
62170
56079
80091
102447
78883
60869
55908
85734
103765
74558
59846
55559
89351
103696
70280
58357
59129
93049
104345
67285
57568
64316
96210
99150
64879
56621
70485
98864
89351
62989
56130
76827
101410
82419
61586
55806
82901
103607
77215
60477
55584
88469
105143
73120
59436
56924
92026
105241
69439
58399
62073
95451
104311
66854
57654
67878
96961
95481
64483
57034
73735
100800
86869
62815
56399
79928
103308
80491
61650
56232
85674
104942
75735
60285
55743
90657
106085
72140
59662
59133
93937
105910
68731
58524
64466
96949
102323
66078
57880
70796
95622
91923
64231
57061
76857
101768
83879
62320
56634
82577
104208
78410
61194
56071
88173
105509
73619
60115
57239
92943
106222
70468
59227
62358
96010
105992
67110
57828
67716
98561
97072
64445
56860
73577
100860
86664
62439
56037
79596
102856
79911
60959
55286
85136
104354
75352
59940
55337
90401
105599
71594
59125
59466
94700
108346
68475
58468
65361
97575
101465
65895
57768
71674
100344
90575
63847
57116
77911
102711
86046
62559
56774
83913
104490
78013
61283
56314
89253
105480
73619
60571
58643
93536
106874
70348
59611
63920
96897
106430
67818
58968
69810
99662
94448
65156
57918
75795
101683
85921
63438
57474
81959
103744
82241
61863
56796
86467
104042
74567
60588
56600
91284
105867
70775
59531
61364
95438
106235
67950
58839
67490
98744
97720
66018
58183
73488
100621
88230
64410
58357
79745
101692
81371
62772
57453
84749
103769
76409
61283
56566
88971
104371
71998
60162
59726
92529
105002
69529
59752
65067
96705
102703
67413
59368
71090
99546
92581
65268
58306
76273
101022
84514
63544
57785
81904
102847
78973
62363
57244
86749
103791
74631
60904
57440
91194
104396
71141
60081
61825
94833
104972
68441
59398
67473
97993
99247
66312
58541
73602
100263
88139
64026
57589
79062
101837
81379
62772
57210
84309
103044
76247
61377
56591
88200
103313
72080
59940
58933
92226
103513
68868
58920
63728
95050
101777
66368
58348
69810
97780
91207
65502
58954
76188
99038
83269
63749
58187
81037
100437
78043
62179
57440
86063
102348
74114
61288
58272
90149
102263
71039
60443
62312
93715
103347
68813
60077
68074
96671
96475
66803
59906
73892
99093
88626
65554
59167
79208
98087
81934
63847
58972
84160
101819
77407
63075
58685
88161
102468
72984
61510
60119
91445
103099
70339
60703
64883
95067
102314
67643
59526
69209
95844
91919
65502
58792
74626
98155
84535
63681
57747
79348
99213
78584
62426
57751
83589
98744
74468
65233
57295
87538
100983
70830
59808
59713
90909
101317
68011
58848
64094
93711
98769
66001
58135
69456
96415
89991
64380
58109
74762
98228
83153
62712
56996
79433
99410
77245
61203
56528
83532
100365
73756
60579
56664
87709
101137
70953
60208
60221
90738
101363
68620
59756
64939
94346
99366
69090
63387
72993
95434
91318
71530
67234
78768
93821
84300
71577
68066
80466
92964
80705
70826
67874
82731
92217
77693
70011
67592
83819
91697
76218
70096
69315
86643
93190
75134
69874
71082
86723
92465
73918
69575
73590
89087
89117
72839
68773
75791
89769
84928
71871
68500
78563
91083
82006
71171
68301
80999
92695
79728
70745
67942
83498
94133
77856
70237
67704
85661
94926
76362
69977
69537
87637
94623
75023
69725
71725
89185
93830
73799
69281
74038
90016
88975
72895
68936
76751
91369
85887
72578
69008
79455
92226
83026
71768
68748
82019
93425
80491
71338
68548
82440
93950
78597
70804
68292
86336
94743
77143
70352
69281
87803
94363
75206
69763
71128
89061
94666
74153
69128
73509
90503
91233
73168
68569
75723
90895
87474
72626
68219
78692
92862
82723
69239
65344
78214
90742
77782
67158
64491
81200
93472
77685
68441
65793
85483
95592
76529
68258
66675
87269
97153
74665
68232
69346
86583
94850
73372
67511
71270
92179
96308
71257
65293
74106
94786
90899
70826
65865
77583
95647
86378
70233
65937
81132
96991
83259
70151
66428
83737
97379
80342
69469
66151
86357
97341
78154
71440
66373
87180
96300
75867
68189
89339
97400
74038
67404
69759
91343
97865
73181
67226
72612
92994
97473
72140
67042
75795
94185
89309
71077
66500
77958
94496
84907
70386
66381
80842
95544
82078
69819
66356
83166
96420
79540
68817
65451
85699
97068
77373
68028
65319
87931
97853
75876
67848
67238
90170
98587
74349
67166
69234
91445
98130
72489
66368
71431
92196
94572
71410
65626
73598
93527
89701
70186
65541
76388
94206
85841
69439
64752
78926
95285
82548
68411
64632
81682
96244
79928
68142
64462
84186
96799
77847
67302
64081
85751
96615
75552
66875
64602
86843
95933
73662
66206
66500
88600
96185
72595
66009
68817
89893
96346
71679
65963
71649
91437
96329
71213
65971
74677
93066
91467
70403
65762
77420
94090
84681
69605
65626
79096
94376
81494
68936
65216
82065
94990
79250
68377
65203
84088
95506
77126
67776
64786
85955
95950
75625
67387
65937
87752
96701
74246
67221
67810
89176
97178
73185
66991
70335
91070
95997
72045
66329
72612
91718
91011
70940
65873
75240
93216
88438
69892
64960
78043
95835
84907
69256
64845
81183
96932
81959
68629
64585
83750
97836
79276
68223
64602
86097
98604
77668
67469
64320
88114
98633
75590
66923
66022
89709
98496
73935
66594
68159
91258
98642
72532
65958
70860
92503
96334
71499
65630
73505
93933
91411
70667
65421
76201
94909
87623
69725
65076
78811
95345
83828
68961
64905
81127
95613
80641
68523
64726
83367
96398
78597
67827
64547
85572
96671
76656
67340
64790
87756
97421
75126
66944
66828
89803
97823
73658
66714
69319
91582
98812
72762
66282
71922
92555
94333
71708
66270
74699
93745
89257
71137
66828
78000
94837
85896
70919
66790
80594
95618
83174
69998
66462
82957
96483
80700
69704
66449
85631
97358
78760
69188
66078
87849
97720
76665
68483
67383
89108
97188
75065
67998
69465
90520
97085
73602
67635
71789
91757
95127
72293
66794
74093
92755
89786
71209
66470
77096
94116
85977
70382
66189
79975
95844
83166
69742
65647
82428
96394
80598
69063
65510
84433
96659
77791
67469
64295
86535
97648
76537
68193
66568
89633
99184
76030
68347
69000
92738
100737
75206
68428
71871
94538
100113
74148
68509
75262
96215
95510
73846
68386
77949
96991
90831
72885
68104
80764
97929
87108
72144
67694
83418
98834
84015
70821
67038
85307
99111
81541
70373
67042
87650
99614
79604
70109
67247
89965
100331
78624
70113
68949
91876
100595
76639
69081
70203
92849
100314
74865
68398
72322
94257
99017
73615
67865
74779
95216
94014
72595
67004
77327
96466
89927
71401
66475
79886
97793
86450
70428
66287
83238
99418
83993
70263
65916
85222
99431
80910
69094
65579
87210
99508
78670
68735
65404
89385
99960
76759
67959
66889
90926
99895
74946
67370
69188
92405
101086
73943
67080
71986
94103
97908
72822
66923
74912
95596
92683
71478
66026
77267
95899
88012
70203
65609
80014
97097
84476
69827
65698
82611
97631
81720
69154
65493
84744
97933
79306
68557
65247
86613
98185
77471
68121
65651
88963
98693
76059
67920
67558
90397
98454
74281
67486
69636
91603
98471
73291
67114
72225
93165
94850
72225
66701
74925
94295
90025
71039
66351
77689
95366
86655
70455
66070
80556
96624
84122
69878
65878
82757
96884
80910
68974
65506
84710
97243
78504
68147
64875
86839
97895
76593
67528
65378
88361
97865
74916
66936
66995
90059
98280
73765
66637
69230
91753
98830
72686
66381
72003
93809
95186
71811
65980
74447
94555
90477
70911
65677
77339
95601
86937
70083
65472
80150
96803
83665
69401
65520
82667
97861
80927
68718
65220
85235
97908
79318
68915
65882
86122
98663
77885
68957
66675
88992
99116
76184
68415
68219
90503
98911
74758
68002
70502
92507
98949
73833
67708
73150
93941
95008
72664
67425
75659
94952
90977
71781
66965
78218
95618
87261
71201
66743
80833
96888
84446
70241
66458
83068
97699
81938
69563
65848
84975
97541
79263
68889
65558
86958
97755
77177
68151
65980
88558
97848
75348
67452
67460
89995
98155
73786
67170
69947
91582
98143
72788
66697
72442
92879
94060
71888
66572
75352
94350
89718
71150
66364
77851
94918
85977
70130
65793
80291
95613
83030
69520
65651
82531
96722
80586
68910
65383
85017
96488
78333
68488
65395
86592
97836
76622
68074
66142
89244
98547
75590
67925
68608
91245
99038
74387
67609
71116
92725
98109
72792
66970
73427
93480
92674
71568
66581
76059
94799
87927
70745
66112
79182
95984
84527
69926
65793
82031
96995
81627
69376
65566
84668
97827
79408
68688
65370
87043
98339
77395
68313
65882
89197
98599
75586
67694
67869
90507
98301
74021
67264
70297
92230
98522
72873
66940
72984
93510
93574
71803
66513
75816
94905
88929
70932
66202
78960
96108
85231
70275
65895
81865
97370
82258
69444
65677
84531
98356
79557
68471
65080
86531
98062
77331
67985
65395
88814
98723
75296
67490
67639
90579
98557
73799
66893
70237
92359
99337
72498
66543
73534
90857
92278
71295
66291
77024
95506
87530
70292
66031
80529
96833
83473
69384
65545
83712
97438
80091
68851
65093
86382
98011
77475
68347
65609
88963
98335
75501
67818
68168
90588
98437
73752
67029
71265
92729
96598
72400
66862
74434
94202
90439
71201
66180
78180
95391
85358
70015
65878
81166
96001
81417
69017
65336
83930
96632
78397
68087
64922
86501
96957
76098
67425
66001
88988
97426
74187
66927
68722
90861
97844
72868
66731
72246
92670
96466
71572
66180
75160
93804
87841
70241
65685
78316
94687
83447
69021
64917
81609
95690
79881
68198
64811
84283
96312
77160
67507
64547
85653
96854
75010
66987
66534
88839
97486
73355
66594
69691
91574
97243
72080
66308
73168
92973
90653
70741
65690
76311
94150
85453
69632
65220
79971
95396
81780
68718
64866
82880
96287
78385
67882
64410
85807
97008
76047
67089
65357
88643
97921
74042
66551
67998
91011
98318
72574
66231
71491
92401
93383
70749
65541
74669
93578
87125
69605
64930
78047
94811
83371
68535
64397
80478
95844
79915
67708
64043
84215
96824
77164
67025
64052
87235
97455
75048
66833
66368
89760
97972
73577
66385
69649
91991
97980
72114
65882
72980
92871
91040
70707
65472
76153
94448
86276
69814
65378
80078
95988
82095
68752
65050
83328
96816
78883
68202
64773
86194
97161
76478
67686
65861
88971
97751
74631
67396
69042
91159
98236
73278
67097
72502
92849
93656
71538
66390
75744
94202
87449
70519
66009
79489
